name: null
channels:
  - bioconda
  - anaconda
  - conda-forge
  - defaults
dependencies:
  - blas=1.0=mkl
  - blast=2.7.1=h4422958_6
  - boost=1.67.0=py36_4
  - bowtie2=2.3.4.3=py36h2d50403_0
  - bzip2=1.0.6=h14c3975_5
  - ca-certificates=2018.03.07=0
  - certifi=2018.10.15=py36_0
  - circos=0.69.6=2
  - curl=7.62.0=hbc83047_0
  - cycler=0.10.0=py36_0
  - dbus=1.13.2=h714fa37_1
  - expat=2.2.6=he6710b0_0
  - fontconfig=2.13.0=h9420a91_0
  - freebayes=1.2.0=py36h82df9c4_3
  - freetype=2.9.1=h8a8886c_1
  - giflib=5.1.4=h14c3975_1
  - glib=2.56.2=hd408876_0
  - glimmerhmm=3.0.4=h2d50403_2
  - gmp=6.1.2=hb3b607b_0
  - gnutls=3.5.19=h2a4e5f8_1
  - gst-plugins-base=1.14.0=hbbd80ab_1
  - gstreamer=1.14.0=hb453b48_1
  - htslib=1.9=hc238db4_4
  - icu=58.2=h211956c_0
  - intel-openmp=2019.1=144
  - joblib=0.13.0=py36_0
  - jpeg=9b=habf39ab_1
  - kiwisolver=1.0.1=py36hf484d3e_0
  - libboost=1.67.0=h46d08c1_4
  - libcurl=7.62.0=h20c2e04_0
  - libdeflate=1.0=h470a237_0
  - libedit=3.1.20170329=h6b74fdf_2
  - libffi=3.2.1=h4deb6c0_3
  - libgcc=7.2.0=h69d50b8_2
  - libgcc-ng=8.2.0=hdf63c60_1
  - libgd=2.2.5=hceca4fd_3
  - libgfortran-ng=7.3.0=hdf63c60_0
  - libpng=1.6.35=hbc83047_0
  - libssh2=1.8.0=h1ba5d50_4
  - libstdcxx-ng=8.2.0=hdf63c60_1
  - libtiff=4.0.9=he85c1e1_2
  - libuuid=1.0.3=h1bed415_2
  - libwebp=1.0.1=h8e7db2f_0
  - libxcb=1.13=h1bed415_1
  - libxml2=2.9.8=h26e45fe_1
  - matplotlib=2.2.2=py36hb69df0a_2
  - miniasm=0.3_r179=ha92aebf_0
  - mkl=2019.1=144
  - mkl_fft=1.0.6=py36h7dd41cf_0
  - mkl_random=1.0.1=py36h4414c95_1
  - ncurses=6.1=he6710b0_1
  - nettle=3.3=0
  - numpy=1.15.4=py36h1d66e8a_0
  - numpy-base=1.15.4=py36h81de0dd_0
  - openjdk=8.0.121=1
  - openssl=1.1.1=h7b6447c_0
  - parallel=20160622=1
  - pcre=8.42=h439df22_0
  - perl=5.26.2=h14c3975_0
  - perl-archive-tar=2.32=pl526_0
  - perl-autoloader=5.74=pl526_1
  - perl-carp=1.38=pl526_1
  - perl-clone=0.41=pl526h470a237_0
  - perl-compress-raw-bzip2=2.084=pl526hfc679d8_0
  - perl-compress-raw-zlib=2.084=pl526h2d50403_0
  - perl-config-general=2.61=pl526_1
  - perl-digest-perl-md5=1.9=pl526_1
  - perl-dynaloader=1.25=pl526_1
  - perl-exporter=5.72=pl526_1
  - perl-exporter-tiny=1.002001=pl526_0
  - perl-extutils-makemaker=7.34=pl526_3
  - perl-font-ttf=1.06=pl526_0
  - perl-gd=2.70=pl526he941832_0
  - perl-io-compress=2.084=pl526hfc679d8_0
  - perl-io-string=1.08=pl526_3
  - perl-io-zlib=1.10=pl526_2
  - perl-list-moreutils=0.428=pl526_1
  - perl-list-moreutils-xs=0.428=pl526_0
  - perl-math-bezier=0.01=pl526_1
  - perl-math-round=0.07=pl526_1
  - perl-math-vecstat=0.08=pl526_1
  - perl-module-implementation=0.09=pl526_2
  - perl-module-runtime=0.016=pl526_0
  - perl-number-format=1.75=pl526_3
  - perl-params-validate=1.29=pl526h470a237_0
  - perl-pathtools=3.73=h470a237_2
  - perl-readonly=2.05=pl526_0
  - perl-regexp-common=2017060201=pl526_0
  - perl-scalar-list-utils=1.45=pl526h470a237_3
  - perl-set-intspan=1.19=pl526_1
  - perl-statistics-basic=1.6611=pl526_2
  - perl-svg=2.84=pl526_0
  - perl-test-more=1.001002=pl526_1
  - perl-text-format=0.59=pl526_1
  - perl-threaded=5.22.0=13
  - perl-time-hires=1.9758=pl526_0
  - perl-try-tiny=0.30=pl526_0
  - perl-xml-parser=2.44=pl526h3a4f0e9_6
  - perl-xsloader=0.24=pl526_0
  - pilon=1.23=0
  - pip=18.1=py36_0
  - py-boost=1.67.0=py36h04863e7_4
  - pyparsing=2.3.0=py36_0
  - pyqt=5.6.0=py36_2
  - python=3.6.7=h0371630_0
  - python-dateutil=2.7.5=py36_0
  - pytz=2018.7=py36_0
  - qt=5.6.3=h8bf5577_3
  - quast=5.0.2=py36pl526ha92aebf_0
  - racon=1.3.1=he941832_5
  - readline=7.0=h7b6447c_5
  - samtools=1.9=h8ee4bcc_1
  - setuptools=40.6.2=py36_0
  - simplejson=3.8.1=py36_0
  - sip=4.19.13=py36he6710b0_0
  - six=1.11.0=py36_1
  - spades=3.13.0=0
  - sqlite=3.25.3=h7b6447c_0
  - tk=8.6.8=hbc83047_0
  - tornado=5.1.1=py36h7b6447c_0
  - unicycler=0.4.7=py36hdbcaa40_0
  - wheel=0.32.3=py36_0
  - xz=5.2.4=h14c3975_4
  - zlib=1.2.11=h7b6447c_3
prefix: /project/GP1/u00ycc00/AzureWings/conda-envs/envs/unicycler
